-1
12
17
15
-7
-29
-13
-5
10
19
13
6
-10
-16
-12
1
20
24
0
-15
-13
-21
4
21
23
1
-9
-16
-5
-6
20
5
-15
-14
-25
-7
5
4
25
1
-7
-19
-14
4
17
22
18
3
-18
-19
-6
19
23
41
3
-12
1
16
24
38
42
17
-9
-9
8
3
25
27
10
2
-9
8
7
11
15
3
2
-21
-16
3
6
16
-3
-12
-20
-14
3
9
19
14
7
-10
-20
-23
7
14
23
7
17
4
41
58
79
86
90
90
72
66
42
65
51
18
-10
-26
-17
-30
-11
11
-7
-18
-24
-33
-9
-3
23
13
18
-12
-7
-19
5
20
30
-10
-4
-13
1
9
16
13
-4
-7
-19
3
-4
17
6
7
-3
-9
-2
-1
5
25
19
5
-16
-2
1
22
36
28
13
15
-3
3
22
45
34
27
19
0
-2
30
42
38
40
23
2
18
26
30
49
36
15
13
13
16
38
48
26
19
2
18
-6
29
28
24
26
-5
8
-5
15
18
15
8
-10
-13
-26
21
16
32
-1
-6
8
-20
-11
10
22
15
4
-19
-28
-7
22
22
-4
-3
-4
0
-2
11
8
7
0
-10
-13
-13
-3
11
6
8
-30
-21
-8
15
16
25
3
-15
-23
-2
8
18
44
9
-1
-14
-17
15
24
7
8
0
-9
-28
-24
-6
17
13
3
-20
-28
-25
9
20
24
9
-13
-7
-13
-2
11
12
-11
-8
-16
-17
-6
17
31
9
-10
-22
-16
-13
11
18
26
4
-7
-23
-1
0
20
17
-6
2
-13
-24
11
14
16
7
-8
-34
-21
9
26
32
21
-25
-12
-29
13
16
9
25
-1
-32
-13
-9
12
14
23
-15
-13
-2
-13
11
19
8
5
-13
-25
6
14
17
13
0
3
-14
-1
10
30
27
25
3
3
6
14
22
24
16
-2
1
-6
18
37
24
4
-3
-14
-27
-7
12
15
8
-6
1
-19
-16
3
25
10
7
-6
-12
-1
-2
23
7
-2
-5
-18
-20
-12
22
26
27
28
39
35
78
98
100
103
76
40
23
28
11
16
0
-15
-31
-37
-18
-7
2
-3
3
-12
-9
-19
2
15
16
6
-23
-11
-9
9
32
15
9
-6
-1
-29
1
0
-2
-4
-14
-7
-23
-7
1
24
6
12
-20
-21
-5
10
32
21
-1
-10
-15
2
15
25
35
15
4
-1
15
17
30
30
36
12
10
-6
31
28
39
48
14
12
12
14
47
56
24
13
17
-5
10
28
42
32
21
-2
6
-3
17
22
27
13
-3
-20
-2
16
20
27
19
4
-12
-12
5
13
11
13
-18
-15
-13
4
10
25
14
-8
-25
-25
-20
11
15
20
4
-3
-10
-17
1
11
4
12
1
-18
-18
9
-5
19
10
-11
-6
-8
-5
11
15
7
-14
-5
-9
0
0
34
30
2
-21
-25
-6
-1
17
24
-9
4
-5
-21
-8
13
9
4
-30
-20
1
-9
12
6
14
-8
-1
-14
-6
16
14
1
-1
-17
-16
-3
5
21
28
-9
0
-20
-15
26
18
27
10
-25
-17
-16
-8
1
18
11
-6
-20
-20
-8
9
9
7
-6
-24
-17
-9
12
22
13
1
-29
-20
-4
14
5
15
10
-15
-18
-5
8
22
16
4
-18
-19
-1
2
15
13
13
-15
-9
-19
-6
19
23
17
9
-12
-2
1
34
36
30
13
-7
-5
12
22
31
14
11
-11
-20
-5
-4
26
25
5
-18
-25
-12
-16
17
22
4
-13
-16
-11
9
14
12
5
-5
-5
-20
-15
0
-5
7
-20
-28
-29
-2
39
47
54
69
62
71
84
89
81
75
52
13
-16
-2
-9
-3
-2
-5
-25
-36
-20
8
19
19
-3
22
-27
-19
-9
24
21
0
-1
-11
-19
-16
3
14
14
-4
-8
-25
-23
1
28
12
22
-7
-26
-17
7
8
38
1
-1
-3
-11
-3
17
27
23
2
-19
-5
3
7
26
15
18
18
17
10
27
46
46
22
11
27
17
30
46
48
23
14
0
13
44
47
40
22
10
11
1
30
19
31
37
-10
4
-20
5
18
32
-7
-13
-15
-13
-10
10
11
13
-5
-10
-12
3
2
15
16
1
-12
-30
-8
-4
8
4
16
-10
-8
-12
-14
5
24
3
-15
-18
-17
-11
9
14
-9
1
-22
-6
-15
-4
27
1
-5
-9
-20
-22
8
15
26
8
13
-31
-12
-5
25
23
12
-15
-24
-30
14
18
16
16
0
-9
-29
-9
13
21
19
-11
-15
1
-1
16
18
20
14
-13
-8
-16
11
24
10
12
-17
-24
-12
19
18
24
0
-8
-27
-18
7
13
29
7
-8
-7
-21
-15
22
21
-6
-3
-19
-3
-12
4
10
5
-6
-25
-26
-22
-6
4
11
-2
-21
-14
-12
0
12
30
8
-5
-38
-19
-17
10
21
4
-2
-25
-11
-15
10
22
17
-2
2
-17
-5
-8
39
19
0
8
4
5
9
35
26
9
11
-22
5
18
42
28
-4
-10
-13
-8
10
0
16
18
7
-2
-18
6
25
28
17
4
-22
-29
2
6
17
8
-5
-15
-31
-14
1
10
7
13
17
3
38
64
62
89
87
84
67
64
66
52
41
13
-7
-27
-30
-28
0
8
9
-10
-23
-18
-5
1
26
27
15
-14
-15
-6
6
22
15
2
3
-17
-11
10
17
19
6
-19
-18
-22
2
5
26
16
-3
-16
-11
-17
5
20
18
0
-19
-10
-3
8
29
21
20
3
1
8
15
26
22
45
0
2
9
25
36
28
25
7
9
9
23
43
41
44
17
11
-1
26
31
43
35
15
4
-3
20
30
34
16
2
-10
-12
2
5
32
20
-9
-12
-36
-15
1
12
16
4
-13
-5
-3
-9
24
5
3
6
-35
-11
-13
10
17
25
-10
-16
-12
-8
2
17
15
7
-21
-21
-6
5
15
15
-2
-18
-14
-20
12
17
7
8
-8
-12
-5
-3
8
13
1
-12
-15
-15
-7
6
21
8
-11
-17
-19
-15
16
24
14
1
-10
-18
-2
19
18
19
10
-14
-27
-4
-9
30
24
8
-9
-4
-21
-9
9
16
1
-5
-16
-22
10
0
8
15
-5
-12
-22
-14
4
12
18
-4
-8
-13
-1
13
23
22
-1
-14
-33
-9
-2
19
21
-5
-17
-21
-18
1
5
18
-5
-23
-11
-26
-8
0
7
8
-6
-8
-13
-8
15
27
17
-3
-5
-3
-3
22
26
25
-2
-16
-13
-18
7
32
23
23
-6
-7
9
17
31
46
33
-1
5
-11
5
18
32
7
4
-9
-9
-7
18
13
23
3
-25
-14
-8
3
11
14
-8
2
-27
-17
11
18
20
14
-18
-33
-13
4
15
21
44
38
26
58
64
93
96
90
64
40
34
25
28
27
2
-15
-28
-23
-20
2
13
15
-17
-9
-19
-13
-2
12
20
13
-21
-16
-18
-8
17
15
4
-12
-15
-16
-12
5
17
15
-11
-11
-23
16
2
13
17
-5
-5
-1
-9
11
17
20
20
2
-18
9
22
30
23
19
-1
1
0
0
40
40
39
16
9
18
26
41
71
38
26
26
5
13
25
49
45
31
-1
13
22
26
36
39
23
9
-13
0
5
31
30
14
1
-24
-1
1
19
30
6
6
-14
-14
3
3
24
13
6
-17
-19
-3
9
9
12
10
-14
-25
-3
-9
0
16
5
-10
-25
-13
-8
17
4
5
-7
-32
-18
6
26
6
12
-16
-28
-3
2
5
20
17
-2
2
-12
-30
7
12
12
0
-19
-26
2
11
12
21
9
-1
-26
-5
-2
25
15
-12
-9
-32
-16
0
11
6
0
-13
-19
-5
3
8
28
1
2
-17
-15
-1
4
24
14
19
-16
-8
-4
-3
28
